   9.8692327e-05
   2.8818159e-04
   5.0333087e-04
   7.8559092e-04
   1.1359487e-03
   1.5544041e-03
   2.0498396e-03
   2.6311374e-03
   3.3180360e-03
   4.1381693e-03
   5.1329879e-03
   6.3597335e-03
   7.8795954e-03
   9.7626450e-03
   1.2096718e-02
   1.4987417e-02
   1.8568961e-02
   2.3006168e-02
   2.8504318e-02
   3.5316062e-02
   4.3755243e-02
   5.3909697e-02
   6.5751789e-02
   7.9345670e-02
   9.4722921e-02
   1.1193782e-01
   1.3102196e-01
   1.5198125e-01
   1.7480188e-01
   1.9944338e-01
   2.2584653e-01
   2.5399062e-01
   2.8387663e-01
   3.1545127e-01
   3.4860696e-01
   3.8319270e-01
   4.1901900e-01
   4.5585986e-01
   4.9346163e-01
   5.3154799e-01
   5.6982482e-01
   6.0798618e-01
   6.4571725e-01
   6.8270614e-01
   7.1864101e-01
   7.5322477e-01
   7.8617123e-01
   8.1721885e-01
   8.4613077e-01
   8.7270269e-01
   8.9676881e-01
   9.1820380e-01
   9.3693462e-01
   9.5294054e-01
   9.6626005e-01
   9.7699877e-01
   9.8532939e-01
   9.9150654e-01
   9.9586084e-01
   9.9881471e-01
