9.999998e-01
8.129999999999999449e-01
6.610000000000000320e-01
5.380000000000000338e-01
4.369999999999999996e-01
3.549999999999999822e-01
2.889999999999999791e-01
2.349999999999999867e-01
1.910000000000000031e-01
1.549999999999999989e-01
1.260000000000000009e-01
1.029999999999999943e-01
8.350000000000000477e-02
6.790000000000000202e-02
5.519999999999999907e-02
4.490000000000000241e-02
3.649999999999999772e-02
2.970000000000000070e-02
2.409999999999999989e-02
1.959999999999999937e-02
1.600000000000000033e-02
1.299999999999999940e-02
1.060000000000000005e-02
8.580000000000000820e-03
6.980000000000000093e-03
5.669999999999999693e-03
4.610000000000000382e-03
3.749999999999999861e-03
3.050000000000000194e-03
2.480000000000000000e-03
2.020000000000000094e-03
1.639999999999999965e-03
1.330000000000000019e-03
1.080000000000000014e-03
8.809999999999999472e-04
7.169999999999999724e-04
5.829999999999999679e-04
4.739999999999999747e-04
3.849999999999999798e-04
3.130000000000000187e-04
2.550000000000000183e-04
2.069999999999999900e-04
1.679999999999999907e-04
1.369999999999999961e-04
1.110000000000000011e-04
9.050000000000000427e-05
7.360000000000000006e-05
5.989999999999999909e-05
4.869999999999999790e-05
3.960000000000000033e-05
3.219999999999999664e-05
2.619999999999999987e-05
2.129999999999999935e-05
1.730000000000000038e-05
1.410000000000000053e-05
1.139999999999999927e-05
9.300000000000000744e-06
7.559999999999999616e-06
6.150000000000000410e-06
5.000000000000000409e-06
