4.300373737199661264e+02
5.617868201630916474e+02
7.303591869742774634e+02
9.337973573585601343e+02
1.183531756777384544e+03
1.486192400639794414e+03
1.852616380008554415e+03
2.304511266249824075e+03
2.857973713637707078e+03
3.541516829053299261e+03
4.373734944970022298e+03
5.367394412047890910e+03
6.635577011628826767e+03
8.169845407063448874e+03
1.005890167423319872e+04
1.235720370907084907e+04
1.515530796928635391e+04
1.846891927428605777e+04
2.234491248774436463e+04
2.663448586623353549e+04
3.127104630806097339e+04
3.674834739956039994e+04
4.312858211845722690e+04
5.144693532464878081e+04
6.133727269516756496e+04
7.384711601194288232e+04
8.860059810050347005e+04
1.058689239683032065e+05
1.260778383361012093e+05
1.501005345638644358e+05
1.802404281690871576e+05
2.212374091186458536e+05
2.758028640739528928e+05
3.493375199809027254e+05
4.484707688569872407e+05
5.827259789058980532e+05
7.556694238695442909e+05
9.724467945250067860e+05
1.242353675018018344e+06
1.572596137099563144e+06
1.966665426658795448e+06
2.450564967029832304e+06
3.042414685305181425e+06
3.738912629852635786e+06
4.607738184974801727e+06
5.640758095069307834e+06
6.907268051678391173e+06
8.451029167437599972e+06
1.034477601686544903e+07
1.266233643768374436e+07
1.551633429163254984e+07
1.900275943934880942e+07
2.330525245996877551e+07
2.860772495066978037e+07
3.501248086363402754e+07
4.323417490663096309e+07
5.291699742408279330e+07
6.500074937843262404e+07
7.978496226935537159e+07
9.801887218257968128e+07
