835.1796836
965.8071192
1113.017264
1278.924707
1465.925964
1676.74186
1914.462573
2182.596616
2485.125013
2826.561898
3212.022755
3647.301551
4138.957806
4694.412279
5322.035856
6031.172977
6831.982888
7735.016798
8750.686952
9889.089731
11160.66239
12577.74336
14156.61902
15919.6746
17898.24093
20138.15508
22709.55007
25717.03372
29298.17486
33596.61074
38708.98181
44625.3462
51192.95153
58124.4048
65051.26315
71605.5187
77502.1111
82597.60588
86909.47678
90594.15742
93908.24526
97210.47019
101046.2796
106247.0131
113879.0162
124984.7166
140299.2791
160172.9473
184714.2322
213995.5719
248193.1151
287638.8284
332819.3812
384357.6054
442996.2609
509591.0187
585113.2155
670660.6932
767474.6966
876961.1749
1000715.403
1140549.392
1298522.04
1476972.288
1678555.838
1906286.078
2163580.015
2454310.045
2782862.483
3154203.822
3573955.812
4048480.519
4584976.7
5191588.958
5877531.357
6653227.351
7530468.18
8522592.118
9644687.306
10913821.25
12349300.45
13972964.19
15809516.79
17886903.58
20236736.2
22894773.61
25901466.38
29302572.3
33149852.8
37501860.77
42424831.71
47993691.87
54293198.61
61419230.5
69480246.54
78598937.05
88914090.96
100582708.3
113782390.0
