9.99998e-01
8.840000000000000080e-01
7.810000000000000275e-01
6.909999999999999476e-01
6.109999999999999876e-01
5.400000000000000355e-01
4.769999999999999796e-01
4.219999999999999862e-01
3.729999999999999982e-01
3.300000000000000155e-01
2.909999999999999809e-01
2.580000000000000071e-01
2.280000000000000082e-01
2.010000000000000120e-01
1.779999999999999916e-01
1.570000000000000007e-01
1.390000000000000124e-01
1.229999999999999982e-01
1.089999999999999997e-01
9.610000000000000486e-02
8.490000000000000324e-02
7.510000000000000009e-02
6.640000000000000069e-02
5.870000000000000218e-02
5.190000000000000169e-02
4.590000000000000330e-02
4.050000000000000128e-02
3.579999999999999849e-02
3.169999999999999901e-02
2.800000000000000058e-02
2.479999999999999913e-02
2.189999999999999933e-02
1.930000000000000118e-02
1.710000000000000062e-02
1.510000000000000057e-02
1.340000000000000045e-02
1.179999999999999973e-02
1.039999999999999952e-02
9.230000000000000357e-03
8.160000000000000586e-03
7.210000000000000263e-03
6.380000000000000254e-03
5.640000000000000048e-03
4.980000000000000052e-03
4.409999999999999858e-03
3.889999999999999795e-03
3.439999999999999915e-03
3.040000000000000167e-03
2.690000000000000117e-03
2.380000000000000171e-03
2.099999999999999870e-03
1.860000000000000108e-03
1.639999999999999965e-03
1.449999999999999900e-03
1.280000000000000105e-03
1.129999999999999928e-03
1.000000000000000021e-03
8.869999999999999846e-04
7.839999999999999747e-04
6.930000000000000396e-04
6.130000000000000466e-04
5.419999999999999471e-04
4.789999999999999879e-04
4.229999999999999819e-04
3.739999999999999835e-04
3.310000000000000225e-04
2.919999999999999961e-04
2.579999999999999828e-04
2.290000000000000098e-04
2.020000000000000040e-04
1.789999999999999870e-04
1.579999999999999916e-04
1.399999999999999877e-04
1.230000000000000082e-04
1.090000000000000067e-04
9.639999999999999860e-05
8.519999999999999742e-05
7.530000000000000072e-05
6.660000000000000609e-05
5.890000000000000189e-05
5.199999999999999680e-05
4.600000000000000004e-05
4.069999999999999996e-05
3.600000000000000091e-05
3.180000000000000047e-05
2.809999999999999862e-05
2.479999999999999972e-05
2.199999999999999943e-05
1.940000000000000060e-05
1.720000000000000134e-05
1.520000000000000016e-05
1.340000000000000045e-05
1.189999999999999957e-05
1.049999999999999942e-05
9.259999999999999433e-06
8.189999999999999513e-06
7.240000000000000138e-06
6.399999999999999710e-06
5.660000000000000019e-06
5.000000000000000409e-06
