4.272354085423075389e+02
5.030826417004512905e+02
5.926958084390071235e+02
6.912761080846014465e+02
8.037753747955698600e+02
9.312823700915407699e+02
1.072952301555539179e+03
1.229991141292256543e+03
1.409281232227649525e+03
1.609429666419305022e+03
1.838958240891982086e+03
2.088224217796565881e+03
2.379699000332213927e+03
2.711755227414859291e+03
3.074598399145063922e+03
3.496357635608631881e+03
3.956955039010014843e+03
4.482229507687771729e+03
5.067601933742034817e+03
5.759062878195839403e+03
6.525390554571401481e+03
7.385169089758881455e+03
8.357341415038168634e+03
9.451193645540139187e+03
1.069499960628663575e+04
1.209104338195871969e+04
1.369078388320005251e+04
1.544863080587661534e+04
1.737646140988454499e+04
1.954686283068220655e+04
2.180508952935061825e+04
2.431156715417813757e+04
2.702275802424755966e+04
2.970216883927652452e+04
3.269709929169764655e+04
3.585016063414789096e+04
3.980621002568258700e+04
4.372769602467652294e+04
4.797582989062237903e+04
5.348159889036484674e+04
5.947756628351251129e+04
6.619311106744548306e+04
7.407851138782961061e+04
8.276855500369424408e+04
9.204642143044304976e+04
1.027446096354232577e+05
1.137340089257660729e+05
1.261712865199730149e+05
1.396502009162335889e+05
1.554937019060954335e+05
1.736098665197381633e+05
1.943681696963260474e+05
2.205226184251101513e+05
2.497676186407826317e+05
2.869865697961233091e+05
3.306099453815292218e+05
3.815686771742390119e+05
4.434661223535675672e+05
5.199009053655510652e+05
6.083183480862552533e+05
7.102337265963926911e+05
8.269084662653192645e+05
9.614181242150153266e+05
1.115021842686349293e+06
1.286832672521608882e+06
1.478190223711360246e+06
1.697651504111635266e+06
1.946880587024224922e+06
2.210012272310370579e+06
2.518183643202076666e+06
2.854118941786188167e+06
3.239179930116788950e+06
3.656734355438711122e+06
4.161398587053774390e+06
4.701744751357901841e+06
5.299800752499326132e+06
5.985919698475223966e+06
6.756986773440187797e+06
7.620399293918644078e+06
8.588789428848465905e+06
9.698572202933149412e+06
1.094185020914328098e+07
1.233485665365565941e+07
1.390390448343974724e+07
1.570578850180145912e+07
1.773441616349442676e+07
2.007208763315549865e+07
2.257469715843714401e+07
2.553114009647132829e+07
2.877685208908730000e+07
3.251691407867978513e+07
3.685507162448251992e+07
4.142566960719123483e+07
4.687315551259662211e+07
5.313295966039158404e+07
6.005332431414067000e+07
6.784357747096367180e+07
7.670354116803012788e+07
8.668449411623944342e+07
9.795167850669015944e+07