1182.960603
1344.687117
1527.218975
1733.312395
1966.083617
2229.056315
2526.215182
2862.066501
3241.706657
3670.899623
4156.164617
4704.875249
5325.371678
6027.087453
6820.692413
7718.250109
8733.377152
9881.37469
11179.30953
12646.0919
14302.68534
16172.5394
18281.9851
20659.64778
23333.47166
26325.03511
29643.84511
33286.63381
37244.93494
41518.95465
46131.57398
51136.7054
56620.17364
62695.26781
69496.70768
77176.01574
85899.57509
95849.22296
107224.5686
120246.2311
135159.5376
152238.5827
171790.6916
194161.2352
219738.5623
248958.7926
282310.4492
320339.296
363654.0629
412933.8681
468938.4844
532525.1776
604686.5097
686651.3739
780137.1288
887873.6305
1014474.88
1167553.535
1358670.511
1603382.33
1919426.299
2322183.055
2817614.25
3395875.728
4032257.909
4699181.342
5381632.804
6083440.39
6822252.89
7621194.91
8503535.151
9491062.588
10604475.3
11864379.5
13292277.88
14911392.27
16747340.57
18828726.71
21187696.59
23860499.61
26888083.7
30316744.75
34198847.47
38593632.51
43568124.64
49198157.28
55569529.67
62779314.87
70937338.79
80167852.99
90611426.75
102427087.4
115794741.1
130917912.2
148026840.9
167381988.0
189278000.1
214048194.0
242069630.4
