0.884
0.781
0.691
0.611
0.54
0.477
0.422
0.373
0.33
0.291
0.258
0.228
0.201
0.178
0.157
0.139
0.123
0.109
0.0961
0.0849
0.0751
0.0664
0.0587
0.0519
0.0459
0.0405
0.0358
0.0317
0.028
0.0248
0.0219
0.0193
0.0171
0.0151
0.0134
0.0118
0.0104
0.00923
0.00816
0.00721
0.00638
0.00564
0.00498
0.00441
0.00389
0.00344
0.00304
0.00269
0.00238
0.0021
0.00186
0.00164
0.00145
0.00128
0.00113
0.001
0.000887
0.000784
0.000693
0.000613
0.000542
0.000479
0.000423
0.000374
0.000331
0.000292
0.000258
0.000229
0.000202
0.000179
0.000158
0.00014
0.000123
0.000109
9.64e-05
8.52e-05
7.53e-05
6.66e-05
5.89e-05
5.2e-05
4.6e-05
4.07e-05
3.6e-05
3.18e-05
2.81e-05
2.48e-05
2.2e-05
1.94e-05
1.72e-05
1.52e-05
1.34e-05
1.19e-05
1.05e-05
9.26e-06
8.19e-06
7.24e-06
6.4e-06
5.66e-06
5e-06
